700,000000	0,000816
699,000000	0,000767
698,000000	0,000771
697,000000	0,000923
696,000000	0,000714
695,000000	0,000595
694,000000	0,000472
693,000000	0,000645
692,000000	0,000645
691,000000	0,000727
690,000000	0,000711
689,000000	0,000830
688,000000	0,000934
687,000000	0,000728
686,000000	0,000683
685,000000	0,000630
684,000000	0,000461
683,000000	0,000544
682,000000	0,000647
681,000000	0,000388
680,000000	0,000549
679,000000	0,000429
678,000000	0,000454
677,000000	0,000512
676,000000	0,000805
675,000000	0,000941
674,000000	0,000714
673,000000	0,000839
672,000000	0,000934
671,000000	0,000822
670,000000	0,001017
669,000000	0,000773
668,000000	0,000984
667,000000	0,001017
666,000000	0,000861
665,000000	0,000555
664,000000	0,000873
663,000000	0,000890
662,000000	0,000923
661,000000	0,000762
660,000000	0,000811
659,000000	0,000820
658,000000	0,000514
657,000000	0,000692
656,000000	0,000721
655,000000	0,000929
654,000000	0,000779
653,000000	0,001016
652,000000	0,001004
651,000000	0,000834
650,000000	0,000701
649,000000	0,000689
648,000000	0,000813
647,000000	0,000809
646,000000	0,000639
645,000000	0,000909
644,000000	0,000835
643,000000	0,000702
642,000000	0,000980
641,000000	0,000942
640,000000	0,001055
639,000000	0,000868
638,000000	0,000897
637,000000	0,000906
636,000000	0,000756
635,000000	0,000852
634,000000	0,000844
633,000000	0,001450
632,000000	0,001176
631,000000	0,001002
630,000000	0,001114
629,000000	0,001172
628,000000	0,001010
627,000000	0,000990
626,000000	0,000836
625,000000	0,001010
624,000000	0,001056
623,000000	0,001231
622,000000	0,001385
621,000000	0,001185
620,000000	0,001248
619,000000	0,001290
618,000000	0,001123
617,000000	0,000932
616,000000	0,001660
615,000000	0,001281
614,000000	0,001281
613,000000	0,001481
612,000000	0,001385
611,000000	0,001381
610,000000	0,001348
609,000000	0,001294
608,000000	0,001232
607,000000	0,001340
606,000000	0,001148
605,000000	0,001252
604,000000	0,001435
603,000000	0,001580
602,000000	0,001443
601,000000	0,001439
600,000000	0,001360
599,000000	0,001634
598,000000	0,001477
597,000000	0,001630
596,000000	0,001306
595,000000	0,001335
594,000000	0,001447
593,000000	0,001652
592,000000	0,001423
591,000000	0,001544
590,000000	0,001945
589,000000	0,001455
588,000000	0,001406
587,000000	0,001331
586,000000	0,001479
585,000000	0,001552
584,000000	0,001507
583,000000	0,001701
582,000000	0,001641
581,000000	0,001879
580,000000	0,001704
579,000000	0,001710
578,000000	0,001328
577,000000	0,001464
576,000000	0,001626
575,000000	0,001403
574,000000	0,001773
573,000000	0,001600
572,000000	0,001613
571,000000	0,001890
570,000000	0,001983
569,000000	0,002115
568,000000	0,001785
567,000000	0,001781
566,000000	0,001598
565,000000	0,001697
564,000000	0,002078
563,000000	0,002222
562,000000	0,002103
561,000000	0,002121
560,000000	0,001753
559,000000	0,002329
558,000000	0,001943
557,000000	0,002536
556,000000	0,002396
555,000000	0,002439
554,000000	0,002464
553,000000	0,002444
552,000000	0,002796
551,000000	0,002490
550,000000	0,002600
549,000000	0,002354
548,000000	0,002705
547,000000	0,002755
546,000000	0,002924
545,000000	0,002722
544,000000	0,002917
543,000000	0,002942
542,000000	0,002814
541,000000	0,002947
540,000000	0,003053
539,000000	0,002816
538,000000	0,003180
537,000000	0,003061
536,000000	0,003286
535,000000	0,003392
534,000000	0,003456
533,000000	0,003296
532,000000	0,003737
531,000000	0,003618
530,000000	0,003780
529,000000	0,003753
528,000000	0,003749
527,000000	0,004047
526,000000	0,004110
525,000000	0,004434
524,000000	0,004799
523,000000	0,004442
522,000000	0,004635
521,000000	0,004651
520,000000	0,004530
519,000000	0,004530
518,000000	0,004928
517,000000	0,005117
516,000000	0,005097
515,000000	0,005240
514,000000	0,005389
513,000000	0,005633
512,000000	0,005925
511,000000	0,005843
510,000000	0,005984
509,000000	0,005997
508,000000	0,006230
507,000000	0,006266
506,000000	0,006499
505,000000	0,007376
504,000000	0,007387
503,000000	0,007376
502,000000	0,007866
501,000000	0,008120
500,000000	0,008072
499,000000	0,008492
498,000000	0,008870
497,000000	0,009051
496,000000	0,009488
495,000000	0,010072
494,000000	0,010453
493,000000	0,010415
492,000000	0,011264
491,000000	0,011675
490,000000	0,012093
489,000000	0,012734
488,000000	0,013380
487,000000	0,013601
486,000000	0,014244
485,000000	0,014975
484,000000	0,015507
483,000000	0,016630
482,000000	0,017244
481,000000	0,017606
480,000000	0,018396
479,000000	0,018635
478,000000	0,019622
477,000000	0,020180
476,000000	0,020938
475,000000	0,022108
474,000000	0,022720
473,000000	0,023280
472,000000	0,024267
471,000000	0,024823
470,000000	0,025676
469,000000	0,026740
468,000000	0,027311
467,000000	0,027854
466,000000	0,029138
465,000000	0,030013
464,000000	0,030972
463,000000	0,032202
462,000000	0,033321
461,000000	0,034260
460,000000	0,035613
459,000000	0,036802
458,000000	0,038139
457,000000	0,039829
456,000000	0,041290
455,000000	0,042930
454,000000	0,044728
453,000000	0,045854
452,000000	0,047692
451,000000	0,049137
450,000000	0,051035
449,000000	0,052933
448,000000	0,054928
447,000000	0,056403
446,000000	0,058423
445,000000	0,060171
444,000000	0,062320
443,000000	0,064412
442,000000	0,066719
441,000000	0,068403
440,000000	0,071232
439,000000	0,073345
438,000000	0,076715
437,000000	0,079082
436,000000	0,081677
435,000000	0,084722
434,000000	0,088003
433,000000	0,091253
432,000000	0,095045
431,000000	0,099110
430,000000	0,103763
429,000000	0,109090
428,000000	0,113970
427,000000	0,120143
426,000000	0,126283
425,000000	0,132262
424,000000	0,139555
423,000000	0,147452
422,000000	0,156106
421,000000	0,163084
420,000000	0,174096
419,000000	0,185788
418,000000	0,198327
417,000000	0,210732
416,000000	0,224678
415,000000	0,241098
414,000000	0,258455
413,000000	0,277762
412,000000	0,299289
411,000000	0,323395
410,000000	0,349745
409,000000	0,378588
408,000000	0,411363
407,000000	0,446900
406,000000	0,487194
405,000000	0,532112
404,000000	0,581111
403,000000	0,635784
402,000000	0,698068
401,000000	0,764190
400,000000	0,837079
399,000000	0,914579
398,000000	0,983953
397,000000	1,052279
396,000000	1,116199
395,000000	1,173634
394,000000	1,217463
393,000000	1,250641
392,000000	1,271298
391,000000	1,286133
390,000000	1,294968
